1000 1000
672
134
711
163
139
973
138
834
227
896
496
353
802
797
255
734
709
864
292
156
517
355
264
821
283
587
737
188
651
39
689
322
173
399
837
311
371
326
496
949
221
343
302
374
491
556
107
199
771
750
707
639
104
322
459
739
260
196
926
910
234
614
583
758
12
419
421
382
744
916
683
964
611
984
338
101
891
796
652
13
546
358
651
1
31
110
739
290
657
16
551
242
629
133
1000
992
552
420
726
647
687
408
963
297
391
652
398
633
447
49
645
344
758
295
697
788
756
435
429
412
803
979
654
431
111
5
775
14
424
500
13
462
907
975
111
649
626
860
281
424
260
925
768
17
571
816
156
327
602
584
738
404
914
743
187
376
747
961
742
522
460
754
984
718
80
446
366
705
305
646
480
564
922
599
932
492
414
87
818
16
22
908
419
287
650
605
662
397
917
403
918
376
508
253
93
587
698
458
643
2
455
123
917
376
73
848
220
487
286
389
502
307
296
272
593
946
229
607
694
145
9
963
521
869
216
965
455
265
775
450
619
581
924
887
309
996
735
528
834
20
916
687
679
212
959
623
509
187
581
554
683
590
516
203
810
83
520
616
700
294
65
318
874
340
204
182
688
290
61
521
662
977
208
692
540
518
666
400
704
247
953
386
188
820
941
997
903
460
612
602
105
29
271
330
720
826
864
407
468
924
928
129
252
135
820
791
652
837
542
707
83
494
444
270
314
736
266
568
547
230
521
651
258
791
333
977
968
196
736
435
119
663
915
723
149
86
865
152
923
407
858
5
252
653
275
917
389
540
484
935
121
4
938
378
146
622
707
114
817
442
900
287
456
815
9
604
900
874
755
822
632
964
827
883
616
101
800
356
992
635
643
113
639
932
842
136
553
900
249
369
693
149
7
148
315
16
103
214
241
209
36
872
524
214
106
492
666
905
847
9
892
489
473
530
772
315
17
324
566
266
692
259
766
51
758
80
418
213
645
658
421
32
881
945
245
338
436
262
595
634
271
486
475
743
367
246
409
383
570
975
1000
613
585
765
663
694
196
80
906
193
89
679
224
321
975
821
659
762
82
253
747
352
738
221
447
104
819
207
486
388
533
838
352
117
602
367
163
150
446
420
342
887
98
917
207
424
737
217
185
819
469
932
522
558
504
320
13
322
527
851
61
59
688
413
528
641
131
690
790
576
109
483
814
559
400
21
982
136
589
519
306
58
802
828
967
305
147
980
979
673
830
39
84
517
803
611
157
933
300
299
861
760
133
674
318
532
46
652
20
635
522
325
44
323
152
362
979
651
341
957
675
522
348
758
390
502
720
899
435
371
549
647
131
681
672
800
213
718
803
584
704
324
908
99
646
412
460
977
414
153
933
88
674
632
198
64
134
917
962
920
288
862
566
770
542
237
569
106
306
372
689
9
695
949
459
693
712
919
669
125
71
953
212
744
585
761
159
718
678
472
637
317
333
554
86
875
790
6
332
448
377
21
456
424
321
267
468
32
185
488
156
607
440
719
350
376
480
861
445
509
684
433
825
17
986
262
243
128
267
574
575
996
946
382
419
266
648
238
297
832
725
804
438
164
523
140
892
2
352
336
862
35
769
38
403
106
299
997
233
565
571
807
912
868
189
330
486
836
919
134
20
643
938
809
807
460
948
50
813
651
385
674
686
153
711
440
259
361
437
843
277
7
650
189
226
190
870
711
377
789
845
748
431
782
557
589
593
856
638
757
507
23
430
544
527
492
983
137
852
419
332
128
777
981
668
3
522
538
65
250
326
261
998
756
394
554
697
986
409
334
742
267
708
523
810
587
366
793
723
569
563
54
49
340
386
716
694
259
253
110
509
578
371
506
686
764
411
382
102
819
67
195
86
775
718
247
713
435
39
435
4
954
841
52
293
578
119
338
189
724
447
697
301
817
554
338
933
964
71
34
134
138
228
219
264
297
818
976
732
856
762
87
809
954
490
453
884
608
790
72
331
589
120
984
405
25
673
689
988
744
722
473
233
302
44
848
598
861
175
681
68
936
767
229
242
256
681
477
216
823
900
546
411
19
881
167
395
554
856
734
649
929
206
233
230
249
80
180
109
254
860
177
541
979
405
134
234
437
610
449
259
509
347
21
879
227
540
273
132
747
6
780
675
564
12
257
812
443
788
921
48
999
449
589
977
853
74
563
641
684
11
900
544
709
272
423
288
811
47
419
909
405
551
584
968
562
192
779
357
331
51
404
329
851
344
658
703
418
220
696
453
230
947
348
291
218
122
578
381
169
1 708
2 620
3 465
4 446
5 462
6 484
7 560
8 526
9 779
10 790
11 974
12 853
13 651
14 852
15 716
16 742
17 787
18 439
19 924
20 719
21 791
22 568
23 603
24 907
25 599
26 911
27 506
28 938
29 522
30 968
31 695
32 831
33 588
34 760
35 813
36 586
37 844
38 909
39 713
40 622
41 634
42 622
43 410
44 886
45 473
46 663
47 563
48 796
49 638
50 486
51 450
52 965
53 654
54 590
55 871
56 789
57 436
58 913
59 726
60 559
61 881
62 420
63 926
64 404
65 716
66 738
67 590
68 559
69 583
70 903
71 718
72 817
73 525
74 664
75 638
76 534
77 927
78 801
79 867
80 500
81 823
82 917
83 464
84 412
85 506
86 935
87 802
88 543
89 848
90 463
91 638
92 664
93 420
94 563
95 668
96 736
97 837
98 858
99 832
100 419
101 697
102 549
103 837
104 758
105 813
106 410
107 892
108 676
109 812
110 694
111 776
112 570
113 611
114 841
115 583
116 653
117 711
118 921
119 732
120 494
121 984
122 970
123 758
124 403
125 532
126 962
127 676
128 906
129 756
130 507
131 925
132 452
133 592
134 697
135 810
136 941
137 708
138 637
139 616
140 455
141 932
142 929
143 625
144 478
145 705
146 744
147 731
148 415
149 664
150 1000
151 446
152 584
153 969
154 740
155 523
156 437
157 702
158 799
159 943
160 457
161 842
162 803
163 445
164 433
165 500
166 855
167 975
168 744
169 491
170 590
171 799
172 959
173 454
174 960
175 436
176 759
177 704
178 768
179 775
180 904
181 703
182 757
183 487
184 671
185 496
186 611
187 644
188 734
189 946
190 522
191 727
192 788
193 926
194 772
195 821
196 962
197 562
198 795
199 705
200 590
201 922
202 503
203 548
204 976
205 999
206 585
207 735
208 702
209 889
210 445
211 606
212 591
213 802
214 693
215 798
216 834
217 840
218 442
219 568
220 786
221 500
222 831
223 573
224 962
225 603
226 930
227 923
228 765
229 725
230 627
231 891
232 646
233 666
234 439
235 557
236 601
237 624
238 892
239 903
240 512
241 873
242 444
243 703
244 674
245 674
246 436
247 444
248 513
249 414
250 548
251 835
252 515
253 979
254 944
255 476
256 517
257 874
258 1000
259 819
260 598
261 562
262 709
263 780
264 765
265 748
266 937
267 966
268 972
269 765
270 804
271 419
272 637
273 849
274 658
275 848
276 458
277 695
278 892
279 571
280 709
281 976
282 943
283 760
284 954
285 886
286 837
287 471
288 695
289 772
290 890
291 829
292 870
293 598
294 544
295 634
296 883
297 481
298 535
299 854
300 782
301 940
302 810
303 955
304 724
305 467
306 802
307 782
308 698
309 629
310 889
311 407
312 604
313 831
314 767
315 494
316 653
317 539
318 565
319 884
320 911
321 991
322 713
323 717
324 524
325 857
326 887
327 406
328 874
329 422
330 797
331 655
332 898
333 606
334 546
335 621
336 673
337 948
338 939
339 908
340 513
341 827
342 915
343 653
344 594
345 617
346 747
347 783
348 757
349 848
350 666
351 603
352 838
353 915
354 920
355 963
356 772
357 807
358 969
359 645
360 765
361 765
362 837
363 662
364 907
365 983
366 819
367 516
368 866
369 693
370 423
371 979
372 455
373 938
374 568
375 585
376 490
377 915
378 968
379 783
380 763
381 570
382 987
383 600
384 484
385 842
386 498
387 856
388 584
389 403
390 437
391 949
392 704
393 810
394 546
395 611
396 792
397 901
398 727
399 593
400 593
401 686
402 572
403 649
404 559
405 676
406 770
407 649
408 590
409 738
410 432
411 953
412 844
413 955
414 489
415 928
416 732
417 523
418 720
419 853
420 526
421 693
422 737
423 831
424 502
425 884
426 978
427 830
428 720
429 704
430 422
431 914
432 926
433 530
434 498
435 484
436 806
437 868
438 733
439 997
440 541
441 701
442 885
443 921
444 591
445 910
446 849
447 924
448 433
449 504
450 776
451 559
452 733
453 448
454 926
455 835
456 932
457 903
458 664
459 652
460 542
461 686
462 501
463 467
464 817
465 535
466 551
467 558
468 939
469 821
470 554
471 416
472 521
473 976
474 937
475 713
476 885
477 721
478 572
479 854
480 761
481 884
482 950
483 493
484 932
485 875
486 928
487 800
488 714
489 527
490 988
491 856
492 750
493 424
494 860
495 566
496 495
497 947
498 724
499 433
500 767
501 815
502 986
503 825
504 790
505 923
506 473
507 610
508 579
509 645
510 464
511 941
512 464
513 413
514 433
515 932
516 824
517 898
518 667
519 537
520 424
521 654
522 930
523 774
524 614
525 725
526 876
527 709
528 671
529 536
530 679
531 438
532 887
533 664
534 799
535 612
536 522
537 872
538 758
539 702
540 452
541 822
542 642
543 516
544 771
545 675
546 984
547 595
548 508
549 651
550 668
551 533
552 841
553 597
554 843
555 455
556 922
557 655
558 700
559 529
560 727
561 979
562 503
563 549
564 579
565 902
566 761
567 701
568 773
569 518
570 402
571 825
572 877
573 644
574 877
575 583
576 856
577 860
578 714
579 964
580 446
581 983
582 432
583 824
584 515
585 812
586 879
587 974
588 402
589 514
590 438
591 665
592 493
593 541
594 814
595 608
596 442
597 510
598 909
599 815
600 564
601 912
602 575
603 440
604 491
605 451
606 560
607 883
608 847
609 874
610 847
611 830
612 792
613 815
614 653
615 844
616 562
617 531
618 753
619 564
620 581
621 791
622 829
623 610
624 932
625 642
626 818
627 974
628 688
629 727
630 724
631 853
632 574
633 899
634 829
635 601
636 886
637 989
638 484
639 732
640 863
641 931
642 561
643 590
644 681
645 750
646 970
647 844
648 817
649 722
650 407
651 999
652 512
653 773
654 608
655 980
656 951
657 426
658 889
659 639
660 689
661 548
662 491
663 799
664 446
665 920
666 1000
667 868
668 845
669 483
670 536
671 643
672 413
673 633
674 833
675 631
676 984
677 803
678 474
679 800
680 460
681 417
682 798
683 509
684 790
685 406
686 488
687 677
688 969
689 914
690 916
691 593
692 461
693 943
694 992
695 444
696 798
697 991
698 912
699 642
700 474
701 447
702 885
703 423
704 681
705 718
706 654
707 664
708 456
709 664
710 463
711 516
712 682
713 798
714 625
715 407
716 740
717 650
718 684
719 708
720 563
721 535
722 901
723 624
724 477
725 828
726 668
727 812
728 818
729 516
730 453
731 892
732 563
733 939
734 852
735 780
736 592
737 505
738 443
739 584
740 706
741 443
742 636
743 988
744 841
745 862
746 931
747 580
748 511
749 615
750 824
751 610
752 750
753 660
754 770
755 764
756 487
757 438
758 575
759 841
760 490
761 564
762 669
763 653
764 438
765 520
766 433
767 566
768 561
769 412
770 750
771 867
772 992
773 987
774 790
775 832
776 784
777 721
778 948
779 831
780 872
781 707
782 440
783 557
784 967
785 810
786 921
787 990
788 784
789 431
790 831
791 874
792 532
793 435
794 463
795 570
796 555
797 432
798 737
799 652
800 444
801 486
802 519
803 973
804 408
805 845
806 804
807 792
808 565
809 688
810 622
811 436
812 995
813 662
814 594
815 898
816 408
817 450
818 823
819 792
820 418
821 589
822 602
823 550
824 624
825 665
826 720
827 715
828 697
829 993
830 968
831 677
832 415
833 422
834 649
835 423
836 867
837 990
838 816
839 969
840 677
841 437
842 404
843 607
844 636
845 534
846 440
847 644
848 521
849 864
850 972
851 539
852 452
853 573
854 625
855 677
856 838
857 881
858 992
859 470
860 874
861 895
862 684
863 889
864 917
865 869
866 848
867 784
868 858
869 663
870 688
871 470
872 637
873 628
874 678
875 809
876 763
877 654
878 452
879 820
880 517
881 423
882 895
883 570
884 533
885 519
886 783
887 907
888 1000
889 710
890 978
891 809
892 605
893 597
894 633
895 457
896 465
897 417
898 777
899 924
900 680
901 464
902 930
903 853
904 693
905 543
906 661
907 992
908 798
909 649
910 811
911 915
912 609
913 641
914 420
915 742
916 760
917 739
918 648
919 695
920 449
921 561
922 440
923 590
924 694
925 609
926 583
927 760
928 626
929 961
930 619
931 907
932 961
933 548
934 695
935 653
936 628
937 957
938 580
939 425
940 541
941 927
942 940
943 750
944 567
945 897
946 427
947 863
948 635
949 612
950 558
951 620
952 709
953 598
954 810
955 403
956 807
957 930
958 699
959 433
960 890
961 918
962 876
963 786
964 401
965 506
966 976
967 629
968 462
969 555
970 590
971 540
972 418
973 466
974 890
975 585
976 963
977 918
978 448
979 597
980 529
981 542
982 754
983 838
984 676
985 499
986 777
987 482
988 428
989 475
990 451
991 854
992 993
993 863
994 640
995 931
996 970
997 615
998 559
999 968
1000 706
