10000 1
20
588
133
81
344
996
419
175
70
957
79
418
824
911
128
908
788
818
332
736
709
233
864
748
374
51
161
483
845
811
166
864
398
299
297
93
294
715
620
716
672
698
133
495
608
260
755
748
77
86
483
137
671
698
885
396
749
45
878
945
855
43
161
605
693
457
49
339
171
668
54
842
718
538
689
677
797
443
424
225
880
259
713
902
956
597
297
56
993
174
1
200
569
161
156
613
969
204
951
139
224
356
333
941
245
373
969
393
167
393
969
398
3
682
300
310
278
596
366
271
122
718
822
42
230
977
654
198
180
957
688
755
664
20
695
909
744
16
653
910
408
622
308
410
303
959
719
932
554
436
202
675
153
23
68
734
351
722
283
531
30
971
637
693
342
684
953
86
699
606
347
106
579
6
867
881
964
937
812
870
725
366
896
229
740
964
963
91
685
245
973
66
215
609
758
909
292
63
994
990
20
692
447
598
698
665
478
13
954
641
882
678
6
778
906
98
741
220
540
777
465
512
842
31
472
951
939
764
13
284
105
32
328
904
629
25
568
458
37
521
451
271
550
808
48
456
905
140
675
444
268
491
307
109
874
779
411
164
894
424
800
998
807
127
253
788
151
821
597
539
693
47
161
243
855
208
50
111
699
76
907
966
567
213
426
792
343
837
955
236
612
754
586
770
880
838
557
382
10
154
273
703
552
433
297
758
993
346
869
691
773
127
9
691
691
786
482
34
622
789
621
585
542
206
355
774
396
263
155
405
768
427
459
320
212
755
77
204
452
297
894
577
423
254
267
466
40
101
499
13
889
471
598
782
677
304
555
424
566
62
828
686
840
639
5
51
745
433
254
549
730
500
125
504
753
391
321
792
491
819
805
731
290
754
513
318
57
67
93
974
128
920
11
320
910
15
370
655
448
976
203
529
475
327
384
227
69
705
371
560
875
527
290
516
280
802
185
688
221
277
13
700
549
24
19
458
390
389
112
189
716
314
69
190
640
453
768
709
509
490
620
383
16
261
251
295
415
435
334
987
712
699
686
260
722
705
69
111
445
181
652
160
494
720
701
486
172
468
546
32
958
517
415
325
129
665
972
543
451
305
529
514
3
567
125
76
271
194
539
67
374
190
578
219
909
278
704
433
97
601
464
54
469
230
731
598
246
702
492
697
6
373
562
361
939
687
436
561
880
326
979
253
515
556
823
776
833
879
560
929
479
375
335
948
605
65
897
202
766
388
250
123
760
812
483
50
498
271
610
377
948
588
981
815
495
803
590
327
681
501
608
512
875
942
811
479
358
707
33
123
94
282
597
206
93
432
255
590
54
217
318
1
156
298
815
651
453
756
977
133
256
936
644
131
877
806
961
586
512
993
60
958
275
657
163
719
88
769
309
493
985
626
493
141
276
660
143
728
767
119
212
375
407
208
857
635
13
817
221
525
162
280
482
788
936
996
506
375
764
166
219
101
144
712
593
419
723
735
498
841
205
709
215
611
916
71
246
929
888
466
805
401
97
638
540
385
985
45
759
100
563
978
200
706
41
144
476
115
878
325
955
83
33
170
45
301
240
642
581
479
107
385
231
556
374
770
940
358
167
50
809
729
379
9
786
771
152
613
885
382
937
192
816
969
713
860
621
304
854
201
783
960
937
365
867
662
135
806
19
653
856
828
381
234
188
518
5
691
130
241
424
66
432
239
386
144
451
359
448
304
559
582
615
848
298
482
509
784
287
880
436
494
59
168
728
246
685
84
288
814
324
712
231
108
302
969
603
752
327
50
55
237
983
22
84
633
503
593
416
141
472
852
635
882
371
714
127
56
797
766
221
472
829
452
579
131
772
182
882
98
583
289
334
918
662
418
550
164
362
317
656
833
168
642
66
539
355
544
946
503
309
166
975
138
969
905
620
740
86
853
837
669
493
523
938
154
940
487
669
653
803
325
837
323
318
902
213
25
445
158
527
753
675
853
242
644
758
861
735
195
66
924
215
558
446
152
712
737
990
380
389
793
56
225
467
374
126
31
398
570
188
276
674
214
129
916
209
238
128
944
432
193
867
647
751
312
150
814
48
140
193
436
284
601
12
750
326
137
132
75
706
319
350
379
884
830
646
93
419
774
36
203
318
902
201
68
565
350
881
964
841
426
751
124
378
762
225
703
898
356
129
955
26
830
685
910
660
683
2
430
808
389
632
125
642
184
545
206
534
777
169
374
554
271
850
931
32
74
985
281
430
113
587
807
943
623
716
954
305
69
735
112
809
367
589
450
902
133
7
435
909
527
161
463
797
10
745
828
435
82
460
216
194
46
23
488
21
90
793
325
511
528
789
319
246
377
769
147
861
775
934
121
302
94
935
450
455
680
278
241
113
89
457
306
487
831
146
507
272
290
183
782
817
323
453
62
51
221
561
911
347
494
384
1000
939
318
450
745
349
79
985
461
519
793
119
5
975
616
863
247
905
46
380
722
368
832
135
419
404
695
681
103
540
64
102
478
382
903
222
82
333
559
543
852
351
13
856
326
628
71
924
532
116
655
605
835
487
740
605
242
786
286
696
678
701
798
155
82
52
729
516
385
287
410
588
989
422
795
666
49
865
589
932
980
596
537
167
434
628
771
675
765
56
371
442
757
520
597
190
923
677
57
659
963
466
246
303
887
393
969
287
257
909
219
589
504
107
755
937
86
877
964
850
285
334
292
393
205
240
582
127
916
991
138
230
456
383
532
343
775
852
981
384
761
199
972
616
657
78
553
742
954
516
592
238
201
235
630
757
474
564
235
741
554
372
322
9
107
205
703
233
57
684
616
169
234
939
784
243
16
688
984
322
555
927
559
755
513
541
863
338
104
98
78
9
821
751
369
279
956
424
512
12
459
479
532
44
418
315
286
785
3
622
458
557
900
17
664
413
909
878
750
364
327
180
724
148
930
92
426
885
515
289
248
973
768
779
17
537
446
654
321
448
275
779
356
527
147
371
939
407
249
40
770
575
219
493
74
501
936
852
737
803
492
985
775
259
115
143
795
560
149
468
359
423
598
67
949
96
437
239
854
37
279
975
964
849
819
37
701
754
240
438
556
732
774
683
342
240
177
489
800
325
308
510
100
905
576
400
352
13
991
557
401
621
531
364
821
349
401
522
102
992
311
10
723
436
44
417
675
220
905
826
897
212
688
348
468
263
747
819
627
89
375
28
709
257
391
530
605
143
403
58
487
713
67
561
500
110
977
174
682
881
352
930
92
39
277
559
301
375
729
280
464
455
307
172
711
49
53
315
544
455
373
30
519
791
590
18
253
567
544
286
447
895
215
891
933
843
449
585
217
530
864
32
984
522
556
695
923
608
361
466
415
85
847
285
228
436
655
480
354
198
117
153
444
331
43
728
525
491
312
741
20
528
125
356
401
680
50
323
287
762
140
53
847
986
690
74
422
344
905
127
541
21
279
336
703
321
63
227
164
374
319
535
253
443
890
654
122
291
328
761
53
468
165
251
453
854
324
226
197
228
353
89
600
631
424
302
952
838
880
467
564
198
1
816
993
891
821
114
181
149
226
585
616
391
835
68
596
510
646
793
89
998
233
688
628
9
341
931
846
220
397
761
770
750
577
762
640
749
227
172
897
453
109
512
195
943
932
790
453
577
934
541
926
519
581
905
527
921
188
724
141
584
485
910
333
413
671
324
161
249
848
410
701
956
273
247
250
204
37
702
132
322
595
409
840
527
314
718
447
501
442
587
436
278
848
121
42
870
796
554
119
643
963
171
598
236
418
848
791
454
901
275
775
847
683
967
373
348
684
172
200
477
758
636
106
958
108
147
827
903
53
297
898
15
468
847
602
885
46
393
338
299
667
464
497
701
430
870
401
466
41
600
942
150
587
48
107
694
546
286
949
598
582
198
965
49
44
566
933
442
958
622
740
976
438
236
29
219
457
429
684
849
380
626
999
967
25
457
12
570
94
312
520
676
509
484
76
905
401
361
346
711
334
437
38
771
672
66
990
481
846
25
329
226
650
679
192
26
136
555
948
581
867
467
608
727
302
684
631
702
396
328
764
729
764
802
500
788
867
841
268
65
865
596
290
867
275
833
892
762
387
839
694
605
657
302
332
310
337
962
364
732
642
127
460
405
928
311
192
147
151
811
211
16
407
852
234
33
684
125
146
422
316
839
27
324
492
710
986
828
23
349
559
664
475
19
69
755
329
612
901
832
775
463
199
533
314
432
565
349
908
62
122
575
252
500
899
744
209
884
571
232
584
482
895
410
500
315
164
180
279
416
11
405
878
209
937
543
992
853
243
900
914
365
474
517
216
724
260
425
959
183
8
542
664
254
952
515
921
467
46
551
235
409
955
112
617
891
7
609
743
249
860
8
965
333
524
181
57
136
957
15
670
964
909
685
217
212
551
137
30
596
687
264
4
641
728
973
883
734
933
625
334
792
984
651
124
508
831
532
995
787
899
16
102
159
700
318
370
602
807
399
197
845
15
553
838
742
525
720
827
457
697
512
600
680
162
75
539
344
607
885
130
857
900
231
15
951
901
736
552
707
134
749
903
500
653
740
241
177
460
67
985
156
931
584
187
92
658
726
436
616
610
917
472
862
500
838
812
400
573
364
458
59
464
360
558
116
452
799
644
911
217
628
418
147
563
956
591
220
681
26
188
643
942
11
504
441
849
315
192
421
30
1
479
493
713
37
960
164
187
603
426
755
230
195
254
144
150
844
716
183
869
903
825
162
913
680
955
761
346
146
534
376
499
12
220
211
400
180
374
938
782
799
45
364
993
298
507
142
141
222
676
361
476
500
522
389
179
828
501
525
326
34
252
824
398
471
34
149
650
407
439
784
557
483
147
901
780
5
394
272
579
70
632
54
569
505
794
100
333
647
976
10
32
227
833
429
49
866
930
699
624
720
834
180
202
332
80
333
336
473
956
266
542
587
320
463
443
465
562
127
111
889
136
143
115
968
923
163
185
204
213
808
923
46
987
476
729
418
808
65
243
763
330
136
701
1
598
496
466
511
622
928
399
110
70
865
77
993
380
262
196
592
421
471
990
760
946
718
529
106
134
771
220
816
907
273
816
856
768
633
719
741
561
469
850
630
334
927
974
713
540
522
656
312
992
997
71
289
67
600
394
200
722
966
367
980
238
183
836
5
167
554
745
727
22
595
709
707
873
34
771
764
907
427
75
250
775
498
539
841
449
284
393
170
249
759
150
838
293
337
842
812
890
939
890
263
885
950
322
109
984
92
224
890
870
650
140
997
147
30
837
595
313
581
117
914
692
266
751
336
602
945
147
843
235
37
457
119
986
130
579
321
222
802
211
443
451
702
439
598
731
628
544
395
560
660
308
251
277
411
587
230
707
733
424
941
121
881
411
107
362
989
427
935
790
989
378
240
690
168
189
772
147
733
167
707
744
826
957
373
588
895
602
294
628
378
234
100
610
644
206
971
632
985
906
421
325
283
13
15
802
201
138
949
285
656
655
381
482
963
753
69
858
706
363
837
435
948
936
44
592
494
15
575
478
920
996
802
202
360
168
355
560
658
303
197
313
309
929
146
272
681
215
481
738
929
317
173
876
604
216
819
97
582
394
926
501
741
728
54
100
247
409
11
904
63
559
569
372
487
714
995
519
280
475
257
560
143
781
788
98
348
606
195
930
999
120
782
91
199
836
190
798
244
553
53
658
111
621
29
598
335
375
116
966
201
724
526
343
504
313
793
204
918
987
485
269
458
266
359
9
453
901
806
696
453
858
354
563
831
734
160
517
109
276
482
309
999
7
4
855
319
148
58
589
134
894
857
943
511
567
951
964
467
756
11
919
966
716
482
796
450
641
312
910
268
145
570
267
152
925
121
822
72
530
762
557
775
970
500
285
537
450
248
355
558
611
274
875
326
107
22
127
99
685
388
367
829
958
633
332
234
105
154
658
634
915
214
760
885
65
44
773
515
644
127
424
254
752
298
931
858
319
58
957
3
445
323
183
754
307
515
340
411
668
997
396
934
562
155
170
627
550
942
493
193
421
268
446
172
565
729
382
235
786
338
589
582
12
123
688
318
637
379
80
656
375
475
590
288
981
111
266
530
405
758
723
825
25
520
348
941
600
729
527
385
418
467
319
781
590
358
450
226
736
529
882
462
355
823
749
687
285
15
217
689
124
291
865
501
162
565
793
762
645
320
498
63
138
816
195
727
525
645
305
260
173
538
721
880
712
822
566
996
188
782
685
311
424
901
811
586
465
604
699
110
275
196
524
412
364
718
139
888
362
795
148
887
332
220
118
43
41
683
390
228
817
74
891
240
327
701
177
143
656
227
252
930
423
127
694
138
197
184
25
910
978
524
796
661
744
265
703
136
948
92
716
116
518
606
355
196
658
884
338
314
110
942
595
884
68
288
21
264
823
398
174
800
921
321
460
16
586
514
152
885
958
219
1000
827
824
706
22
481
941
359
794
403
300
741
286
720
380
659
335
203
56
860
354
976
181
814
344
118
679
847
354
988
65
353
814
888
410
187
720
351
898
866
753
549
606
390
268
985
48
955
539
103
814
893
431
346
58
774
463
736
972
168
76
36
520
241
275
282
428
994
632
325
859
736
225
464
125
845
801
173
799
339
627
612
231
57
958
288
182
772
376
153
940
451
188
811
691
462
92
470
808
75
146
666
810
371
130
287
215
282
811
13
620
437
976
203
846
933
842
27
57
217
180
996
19
367
806
62
181
250
531
988
324
29
653
486
399
134
772
965
767
934
329
387
370
304
941
567
589
782
594
645
351
773
640
369
491
797
782
23
46
665
10
370
693
15
207
443
500
330
407
267
263
87
5
984
390
945
551
330
726
144
974
428
268
965
797
758
762
578
781
807
594
142
528
286
508
86
728
8
415
486
626
29
572
630
13
314
926
915
643
3
410
969
431
677
933
579
786
694
508
918
853
102
60
732
387
919
818
467
926
584
304
903
613
876
884
977
541
809
891
535
812
300
503
594
328
436
172
113
481
679
383
685
132
794
769
519
712
938
337
990
521
640
892
133
867
776
461
407
936
351
294
99
2
796
692
329
583
215
794
416
246
176
100
377
321
868
247
32
805
583
21
678
223
265
162
441
40
623
848
327
325
493
426
327
288
117
7
223
684
152
638
929
679
89
305
999
309
552
31
465
486
403
142
60
667
656
501
58
278
348
385
954
192
162
280
831
278
639
53
313
142
42
241
821
131
898
171
791
801
553
255
286
308
397
346
974
404
846
384
681
545
120
986
736
281
266
566
910
256
971
223
749
12
815
569
494
712
92
284
864
644
539
150
951
287
847
277
42
692
12
722
588
131
707
323
763
324
240
24
931
562
598
680
926
413
600
419
476
691
55
340
687
945
841
637
583
687
265
624
378
276
697
317
758
755
639
872
79
230
896
361
792
493
392
717
257
992
487
85
34
893
776
720
837
616
709
419
302
973
394
31
601
90
347
358
845
337
230
275
918
477
987
709
321
379
777
930
722
616
14
755
508
789
827
697
404
535
467
57
859
861
87
459
950
785
169
794
121
750
420
38
578
407
99
898
785
227
827
506
194
192
612
702
980
438
750
735
324
216
791
535
76
229
345
26
13
865
171
485
614
591
875
191
349
973
441
133
551
267
990
745
459
601
798
790
391
547
525
714
762
667
600
838
896
945
215
260
809
737
97
775
327
971
965
675
295
757
159
845
24
148
941
834
101
738
623
491
636
499
556
750
166
156
587
413
452
153
24
612
889
120
386
568
90
703
242
384
459
753
581
834
900
521
667
352
611
642
842
246
140
750
995
657
905
933
421
708
85
445
319
326
564
705
893
6
759
486
389
217
238
969
51
490
842
69
841
452
62
683
697
554
432
44
210
688
976
983
395
413
427
65
738
342
769
630
347
527
115
88
96
353
408
498
194
249
918
34
700
980
68
749
533
851
792
94
538
119
76
284
531
854
349
268
548
469
249
894
348
364
333
795
68
741
292
261
341
209
646
393
540
714
493
424
564
284
518
454
754
945
737
285
151
437
904
698
906
153
943
605
516
276
399
935
368
42
547
708
602
192
100
142
905
592
565
821
227
434
274
333
731
10
617
881
799
520
930
704
672
872
660
539
499
58
473
866
451
371
926
52
563
377
193
467
321
110
639
899
543
912
231
625
922
847
505
72
719
786
775
742
658
786
281
508
195
105
726
645
476
651
696
390
27
889
208
699
350
847
598
244
758
828
869
31
27
725
102
97
511
228
838
168
13
470
27
207
927
752
851
754
402
547
143
781
787
350
831
136
196
428
731
306
608
599
336
986
324
790
82
834
17
919
353
30
741
379
588
667
131
791
420
884
337
914
16
475
615
847
962
163
626
692
468
233
291
155
218
966
944
299
799
961
570
503
342
310
233
281
328
715
71
99
599
759
12
966
585
978
812
546
140
790
590
959
22
232
114
240
197
57
890
347
369
459
849
62
120
81
343
447
796
765
897
746
524
908
63
108
238
227
6
377
16
595
336
37
826
801
628
374
209
870
720
930
680
568
991
800
1000
685
598
147
450
495
244
325
754
307
784
991
533
789
720
548
383
55
936
560
207
564
933
415
433
652
344
464
571
687
263
923
371
213
421
172
707
665
496
812
323
280
155
207
420
874
106
155
280
41
714
486
956
999
900
740
2
596
204
925
282
818
847
4
30
619
176
88
635
23
900
957
654
54
163
74
927
620
580
558
661
645
43
616
643
294
708
997
889
911
921
522
728
119
526
758
737
53
197
372
75
96
680
81
501
195
506
779
814
85
336
474
729
730
442
724
24
149
720
264
59
640
786
138
110
663
247
846
715
444
569
141
891
249
221
392
443
78
522
256
162
210
82
243
939
523
318
962
23
37
578
81
28
363
570
137
25
817
334
739
260
903
231
150
151
804
893
945
881
767
200
395
976
633
637
266
155
954
580
529
342
157
609
369
519
531
857
895
347
190
985
606
92
215
107
594
18
352
538
251
118
90
645
445
722
281
710
229
586
641
757
927
797
718
647
667
248
503
561
594
44
897
551
136
112
9
81
481
360
971
731
477
60
375
921
133
7
983
361
592
623
118
870
772
187
516
790
434
18
351
379
62
247
281
549
710
289
981
191
649
951
273
125
10
1000
398
143
6
732
855
950
706
324
819
477
510
687
267
295
704
969
25
117
567
305
17
629
594
998
819
594
948
443
70
310
442
819
452
800
550
658
101
256
982
271
84
491
957
702
138
13
22
162
481
941
467
498
569
412
847
739
5
794
181
74
103
975
893
906
126
794
564
578
401
897
848
837
387
157
890
876
521
264
38
1
204
856
850
772
267
696
862
623
842
42
48
944
368
292
202
845
86
117
422
486
365
622
674
103
130
564
979
650
827
16
650
30
871
852
153
489
547
14
111
388
407
158
684
127
450
237
323
887
353
745
724
717
718
398
819
847
313
149
496
139
164
497
520
386
348
24
874
247
389
984
634
147
494
317
273
295
553
596
181
257
692
904
325
761
653
496
607
965
644
454
455
160
302
974
545
650
349
419
896
737
754
881
884
599
198
508
893
102
455
425
711
498
681
387
258
333
882
216
298
878
669
752
37
323
78
933
972
778
351
219
515
457
99
750
407
648
609
300
102
416
76
164
913
756
550
523
89
432
738
738
661
759
841
49
81
270
981
404
48
684
974
914
140
424
15
898
424
623
197
525
38
625
40
303
380
589
177
820
372
914
557
32
24
398
80
456
19
413
211
66
96
184
979
587
960
993
484
383
968
33
259
357
657
298
11
36
886
187
208
258
453
764
641
476
513
73
284
532
485
494
949
580
30
280
518
989
624
1
723
591
33
981
300
41
630
310
429
867
497
636
476
949
399
117
776
264
541
59
147
25
905
95
956
286
374
473
626
998
825
348
940
210
680
239
250
309
901
678
527
749
313
3
697
64
119
824
327
11
235
473
35
491
919
342
776
293
166
401
642
990
100
933
199
779
172
449
439
424
478
965
172
791
967
220
206
437
43
532
799
629
356
833
119
626
526
894
918
691
646
911
33
745
844
231
875
367
31
665
790
509
630
313
651
948
532
856
737
926
739
535
555
94
720
673
719
597
919
989
288
916
251
320
13
94
902
887
812
933
552
953
441
533
265
91
832
796
946
568
722
36
455
628
129
526
652
199
122
570
539
761
838
142
432
850
235
334
736
399
618
639
351
58
171
616
500
3
411
797
922
484
832
728
111
312
253
763
862
727
684
753
487
521
894
271
370
480
604
458
878
221
96
229
630
619
196
481
621
958
629
894
442
812
622
904
123
226
18
336
952
702
88
791
574
981
61
944
461
16
753
338
588
848
918
569
818
113
49
790
423
29
684
864
840
657
119
314
234
137
1
538
838
89
328
411
69
740
706
881
107
810
219
694
10
488
614
827
953
14
617
375
42
652
590
233
308
708
546
541
844
898
78
33
986
757
796
407
848
853
287
954
663
857
999
24
345
612
850
649
625
818
23
666
469
612
898
776
671
795
669
867
693
746
251
30
855
398
436
702
251
723
656
265
931
654
288
627
266
489
275
890
307
297
908
775
260
157
903
283
304
571
149
996
316
751
377
522
149
813
224
751
887
879
15
817
884
654
444
501
494
70
391
800
719
650
927
330
806
829
612
109
399
112
456
66
863
833
588
363
997
811
113
883
41
479
51
276
132
846
777
977
916
519
777
634
168
703
963
973
883
575
434
281
38
889
698
900
73
285
614
69
447
726
951
839
204
354
115
687
199
891
664
114
409
792
99
928
846
62
252
728
988
685
360
25
574
57
277
646
342
890
67
140
968
17
979
171
370
445
858
921
687
873
34
447
664
485
374
509
546
625
588
885
310
947
261
235
355
889
232
48
131
298
188
98
667
518
268
388
314
477
308
1000
701
694
798
364
178
171
224
75
147
163
959
808
461
571
394
816
460
626
863
590
275
50
687
293
919
306
33
232
135
692
583
835
385
380
551
914
550
126
988
49
289
298
856
749
869
250
916
680
227
779
269
501
828
307
146
99
964
178
330
98
869
913
285
606
292
187
519
194
312
859
242
952
508
449
53
728
698
968
407
924
98
27
777
278
685
274
376
649
451
57
98
671
969
734
276
613
920
147
158
584
357
751
887
216
199
939
944
897
259
702
172
356
81
300
633
765
573
360
765
375
417
863
46
737
596
673
701
868
819
858
803
527
608
689
743
159
980
38
407
238
739
578
945
819
230
930
584
154
289
348
529
705
562
926
442
510
598
142
729
769
352
531
647
311
219
389
469
198
426
875
787
517
805
732
335
386
661
270
539
301
970
419
6
883
344
799
392
294
940
120
414
643
2
60
954
221
449
422
770
226
649
557
742
453
640
429
838
300
698
728
952
19
147
957
902
490
755
645
135
47
117
548
41
118
608
994
338
408
768
108
633
416
16
727
220
655
155
409
306
204
136
257
223
634
214
476
476
320
120
610
718
236
158
759
354
117
104
43
524
871
502
508
638
517
234
857
171
740
617
476
944
105
733
518
738
298
993
213
617
464
175
687
700
332
445
405
800
548
447
323
419
301
182
408
817
768
265
988
507
233
463
802
337
547
319
75
844
663
639
813
127
813
499
178
496
943
582
295
842
380
969
612
680
503
20
497
270
636
836
128
868
650
282
205
549
600
631
392
615
621
204
741
786
702
918
281
996
851
928
190
230
248
801
262
750
820
110
371
807
945
851
675
946
132
879
494
83
861
238
697
481
441
437
266
495
706
899
842
556
178
31
138
425
184
399
527
355
508
249
162
804
451
836
749
582
66
595
665
926
832
713
758
624
150
376
470
207
274
312
763
803
694
900
579
229
650
105
584
157
706
745
312
156
580
412
90
997
6
754
922
189
466
31
813
967
406
634
526
31
297
288
833
343
539
412
571
188
868
154
696
925
898
7
81
829
418
522
825
776
275
98
964
92
129
128
411
886
762
936
917
58
575
101
400
465
864
323
4
732
476
699
8
726
57
440
554
474
961
731
249
587
180
565
31
308
692
441
546
805
728
462
215
654
914
966
470
778
288
473
861
764
523
868
489
579
308
394
404
620
476
5
207
656
569
237
315
612
29
860
417
756
673
983
761
587
948
230
716
236
54
576
999
928
795
839
858
454
584
613
74
60
617
280
67
537
516
381
501
544
593
269
651
617
251
763
555
198
344
270
433
397
197
783
676
992
973
533
445
557
145
518
968
114
797
386
2
664
766
502
559
710
770
209
327
372
971
881
570
314
503
354
62
699
137
737
42
461
621
487
369
118
356
336
231
505
73
584
168
839
86
79
900
207
287
226
931
610
459
500
275
313
853
337
11
341
425
53
154
46
891
522
163
598
210
745
102
282
328
622
472
765
700
372
324
338
949
254
947
759
753
222
71
957
910
434
650
334
838
803
379
728
676
893
325
885
637
779
519
317
400
990
81
451
713
404
788
662
657
735
420
761
308
843
718
217
276
719
902
113
521
281
840
548
525
516
433
514
646
303
830
45
292
910
495
357
314
635
18
322
721
789
83
28
631
152
596
258
870
497
370
742
129
561
289
654
429
73
167
74
375
996
119
19
257
965
375
570
951
744
244
671
884
326
698
515
829
645
772
50
142
494
791
270
54
431
275
482
856
793
556
582
140
26
952
397
342
326
318
293
421
561
963
305
238
13
171
66
657
294
467
150
787
609
772
193
40
398
26
247
191
581
828
330
958
132
726
652
809
44
296
230
956
258
886
194
622
56
611
631
701
430
780
840
38
903
32
429
301
57
675
491
990
855
172
947
986
898
950
794
293
245
375
248
855
260
793
476
667
756
458
368
185
590
207
222
492
590
651
792
646
677
634
987
531
806
286
868
55
235
14
347
480
388
946
334
1000
739
161
666
846
619
385
30
560
943
251
51
532
253
195
530
930
828
516
812
985
153
680
39
388
693
737
219
432
683
904
431
421
416
97
618
386
833
647
945
776
249
996
659
854
542
188
783
721
56
946
706
208
977
96
947
669
833
165
453
515
420
883
287
836
331
904
221
164
902
166
291
150
513
949
3
54
489
137
126
544
435
831
103
411
279
402
432
111
566
884
977
986
766
615
173
449
870
393
612
771
910
902
272
422
850
627
827
690
115
953
233
549
135
688
960
413
89
391
875
6
274
203
343
391
817
515
839
38
260
802
808
169
703
432
591
905
58
769
594
524
721
179
73
856
218
32
620
306
774
847
663
47
49
6
789
218
872
628
255
131
429
415
300
484
198
242
740
607
10
333
130
83
863
202
938
80
585
909
737
358
755
752
756
156
757
545
373
980
524
979
111
304
745
762
139
942
355
878
548
364
563
678
446
425
231
735
857
816
996
945
173
102
696
281
257
804
825
629
136
700
960
246
355
704
359
494
646
713
371
545
428
933
222
226
710
453
312
918
620
307
862
792
409
910
72
17
65
248
646
200
299
957
797
654
660
155
147
657
219
517
202
647
802
423
224
511
227
535
428
846
194
641
990
954
550
413
970
967
661
967
166
311
923
963
964
583
469
110
239
688
979
440
686
780
215
909
642
793
795
69
991
340
61
332
293
963
744
615
929
756
581
446
67
504
408
382
438
229
492
28
916
822
820
953
953
386
861
594
178
7
14
520
347
74
851
991
36
595
605
316
702
186
762
768
41
521
150
830
749
993
857
664
166
676
968
118
61
180
711
591
187
724
110
885
149
313
875
185
259
480
852
960
17
613
80
409
134
229
238
882
573
446
898
738
122
865
207
534
45
917
124
583
992
586
467
140
250
341
676
508
172
528
467
540
492
546
300
625
126
889
859
50
335
756
139
808
972
345
341
16
261
817
598
604
754
64
744
3
757
771
510
280
650
328
172
142
226
471
118
351
360
976
753
694
83
891
853
55
236
193
422
848
361
20
452
466
435
547
468
543
317
329
175
319
9
346
460
234
816
577
584
527
905
688
220
339
579
424
393
814
617
815
13
329
186
464
795
972
362
614
867
679
943
41
997
951
386
808
536
553
736
119
80
992
159
651
331
737
75
723
902
691
889
914
371
426
730
165
750
91
131
968
121
425
8
469
375
745
276
910
297
12
380
376
3
890
27
685
626
101
408
879
143
648
793
865
426
874
382
175
316
512
494
437
936
501
905
662
597
533
923
893
896
654
621
898
544
999
583
521
451
342
400
945
341
544
809
766
417
190
292
732
53
785
520
340
637
425
1
233
957
275
478
852
281
98
101
824
448
35
344
898
728
95
842
69
638
2
186
54
192
830
138
596
614
657
936
603
433
288
187
389
915
664
592
195
113
45
18
912
79
713
809
159
808
650
579
797
4
764
851
195
593
340
142
559
996
429
513
429
717
699
169
631
715
113
177
179
157
546
91
587
258
899
745
417
901
323
214
904
439
416
450
383
755
943
941
102
372
805
882
88
856
403
70
570
515
246
748
671
791
190
609
400
441
354
169
341
28
382
596
466
149
397
201
255
339
493
356
710
298
590
149
153
992
570
722
506
167
821
528
957
363
136
709
803
841
877
495
869
610
90
686
758
838
886
364
528
379
719
238
28
660
738
180
651
308
253
508
474
425
35
783
787
523
843
941
363
719
435
583
680
876
269
789
713
506
152
241
236
222
830
263
882
919
794
532
578
398
40
404
823
426
186
961
948
28
902
311
98
336
245
777
564
865
917
276
371
68
868
958
289
49
573
522
968
718
54
545
116
445
948
290
870
485
602
818
864
503
480
961
191
724
89
754
589
357
381
311
424
249
620
65
649
192
586
616
910
991
513
377
435
460
18
305
297
619
474
160
474
305
473
664
28
913
769
968
270
501
630
45
749
250
461
750
441
47
365
702
389
877
430
824
689
447
480
337
66
305
848
539
609
320
554
988
585
674
308
206
174
937
250
275
186
63
24
627
461
388
680
849
617
110
24
657
556
855
345
973
159
192
511
119
512
416
459
448
89
766
653
263
702
254
537
888
316
912
866
128
299
897
977
267
6
1000
275
914
207
619
238
365
811
101
836
674
516
294
473
957
411
125
219
112
730
107
351
398
18
568
525
668
465
853
287
822
853
561
87
59
532
325
775
694
425
962
367
292
255
839
248
665
315
818
129
396
276
479
793
293
399
670
313
863
522
951
36
726
863
123
136
394
799
911
87
223
872
805
866
479
995
114
495
309
931
975
705
559
806
849
851
204
518
515
418
40
465
453
765
680
927
901
73
725
163
512
299
386
316
165
216
311
630
711
971
912
685
675
470
490
876
673
45
393
187
462
432
4
915
549
35
193
449
107
918
611
970
568
348
286
732
564
948
713
274
918
625
310
945
94
152
820
118
196
564
657
10
996
12
924
544
46
116
344
504
385
306
474
953
653
111
36
216
58
101
841
327
725
151
271
170
654
442
288
201
6
944
210
353
955
485
248
1000
953
591
503
337
896
976
641
900
438
29
116
495
129
956
174
853
458
444
374
463
238
661
664
595
956
873
947
910
710
546
261
662
136
116
998
383
443
991
634
881
19
749
375
147
57
548
351
866
344
724
329
933
737
344
527
692
568
825
954
277
370
214
938
857
329
288
591
772
278
224
652
296
325
378
794
381
278
144
598
973
219
926
257
955
621
783
647
189
959
600
465
680
165
403
536
494
690
478
617
967
701
620
614
25
349
407
757
978
550
355
950
768
632
206
75
253
340
721
441
650
672
257
329
836
659
216
681
700
693
649
18
746
268
631
770
969
389
879
946
290
233
896
58
864
453
484
116
145
204
908
794
227
165
123
414
175
338
95
227
383
95
244
128
715
227
249
683
615
127
628
905
359
875
314
575
680
797
42
824
352
950
617
578
466
91
991
640
429
437
866
163
884
462
290
598
688
538
280
654
665
259
558
375
486
223
949
517
371
991
340
722
292
308
651
757
399
994
748
179
782
614
341
665
427
982
262
114
871
893
767
535
504
677
262
341
251
210
857
622
552
548
695
843
855
698
599
605
691
699
135
824
664
827
489
90
808
102
203
679
347
321
565
850
349
826
190
600
388
398
573
939
945
267
782
151
316
732
756
6
782
890
830
445
69
670
534
876
123
88
906
469
761
823
670
109
1000
211
60
387
608
984
678
904
603
811
55
918
894
162
276
676
403
457
120
471
126
654
699
600
93
956
69
853
778
90
314
778
653
373
516
612
709
193
516
311
355
570
580
249
83
855
924
485
311
43
956
788
48
654
388
141
609
808
993
739
249
306
868
901
31
735
513
91
280
380
753
634
949
332
882
383
539
157
867
849
552
822
989
599
827
376
91
788
535
436
526
783
93
745
36
123
479
548
565
758
279
317
744
579
649
977
961
187
134
827
387
685
649
375
635
827
102
78
614
988
513
139
123
605
235
158
80
714
57
644
823
335
961
566
913
961
543
873
499
28
699
885
712
699
612
698
526
65
127
139
53
639
630
175
244
864
684
323
929
740
318
752
426
278
317
690
590
211
562
88
238
612
973
301
663
936
999
188
1000
125
678
404
116
659
578
359
523
613
33
803
352
350
554
129
980
223
818
569
433
379
9
671
343
333
971
5
268
321
544
619
798
573
23
913
232
952
623
106
565
7
908
268
708
814
397
39
36
214
608
468
945
616
138
639
948
461
643
567
781
538
185
930
462
207
842
693
511
816
150
75
822
410
342
882
223
738
920
258
304
879
77
600
846
215
238
145
27
232
711
807
769
248
737
230
806
930
275
316
98
424
390
919
185
84
152
407
173
72
664
476
950
741
75
148
307
664
292
333
895
3
491
15
602
579
245
407
861
871
723
958
646
464
228
831
547
380
237
720
803
253
547
104
345
974
251
3
637
543
687
884
897
529
898
498
460
494
256
320
364
330
629
362
794
856
544
692
587
780
763
741
384
310
845
80
635
95
434
623
989
472
506
237
1
404
86
460
249
342
779
965
671
759
326
816
614
869
508
553
1000
270
293
736
931
137
167
565
584
601
540
924
72
45
161
72
800
246
883
49
939
13
13
610
771
690
425
737
558
284
289
909
554
933
644
484
422
811
401
5
763
940
928
834
336
440
258
136
686
492
536
624
505
900
585
627
589
362
363
498
645
3
406
198
936
50
34
709
212
434
65
974
725
992
159
60
784
768
547
469
260
434
444
116
333
29
742
273
390
105
770
34
459
176
584
746
577
617
454
788
402
518
113
126
862
271
537
645
391
84
465
650
517
908
765
202
288
506
474
29
962
244
415
421
771
998
166
347
966
972
486
367
489
598
492
702
220
28
346
610
463
810
611
332
70
727
533
357
585
6
738
546
601
152
318
371
149
836
717
114
807
554
832
647
151
323
349
723
702
46
684
165
208
295
848
277
21
380
985
957
385
722
855
338
873
172
708
373
359
777
838
517
330
669
164
481
343
864
555
397
909
238
913
116
532
760
392
905
139
729
213
875
802
67
212
675
239
272
399
949
48
589
466
377
257
629
209
952
492
763
348
752
1
260
868
884
371
611
140
509
339
353
735
141
419
947
167
9
570
917
958
617
505
775
993
114
403
202
417
246
964
764
997
316
375
216
200
745
827
339
605
517
691
339
9
462
637
175
470
206
444
779
822
948
553
815
413
307
368
829
552
683
592
901
999
318
468
198
62
294
536
666
163
579
357
171
40
993
346
861
551
789
640
372
88
544
538
501
851
257
329
754
940
273
6
938
590
474
135
4
119
22
21
281
600
377
452
991
722
149
204
624
289
843
995
728
386
885
228
588
493
909
342
432
181
347
369
122
820
855
477
939
877
498
571
828
226
22
171
299
522
374
922
810
568
917
538
305
153
117
893
645
25
586
429
557
932
149
31
104
4
507
42
232
4
612
411
582
986
581
880
507
306
802
669
873
70
206
530
574
674
422
218
51
7
998
607
290
147
989
393
150
496
786
381
851
750
791
432
735
724
312
593
29
465
261
254
534
818
783
107
492
556
676
542
562
674
500
203
820
489
596
321
336
381
53
186
482
195
970
216
270
633
161
299
97
421
904
630
239
686
88
82
593
763
975
506
788
474
708
959
314
303
279
649
36
683
187
869
878
156
85
147
140
597
797
236
17
52
217
607
89
656
40
681
418
14
186
558
488
894
516
153
548
147
802
935
829
340
804
58
847
240
557
986
836
705
573
204
757
141
163
845
796
202
878
565
568
63
122
55
308
638
559
208
784
360
494
964
51
297
22
897
888
930
234
75
634
806
631
742
946
793
939
741
346
816
306
913
230
779
319
890
416
878
97
551
589
590
515
640
239
888
888
478
817
122
553
802
927
183
544
225
327
482
317
672
649
974
937
878
753
255
767
168
484
215
71
73
157
585
64
395
824
951
872
640
72
776
441
351
310
336
927
636
817
243
660
465
217
596
695
969
850
461
488
334
28
910
758
184
494
173
930
317
123
801
308
547
929
101
249
238
436
175
874
253
417
533
69
985
480
115
305
329
576
793
14
955
702
123
138
548
295
67
216
418
219
524
316
499
976
916
737
411
90
962
15
858
846
436
843
325
550
147
653
477
291
19
431
345
141
568
244
436
986
459
205
557
334
872
55
309
787
791
720
876
104
86
85
949
521
927
273
71
74
278
547
716
296
978
60
788
897
303
575
235
114
131
791
447
2
197
108
140
988
179
367
443
264
452
392
137
378
664
207
803
941
753
519
588
82
930
376
331
585
302
565
698
433
707
496
786
903
955
926
242
133
292
685
749
95
76
885
825
91
443
627
32
547
497
971
629
779
346
311
363
648
227
60
432
933
907
217
187
862
142
429
346
786
113
94
880
540
330
704
630
772
683
13
319
531
984
299
309
681
961
23
680
187
434
111
119
341
680
305
554
821
85
899
958
549
345
190
88
674
245
70
798
927
82
468
810
417
118
118
450
78
493
481
264
926
944
734
266
623
390
819
795
475
70
753
23
414
942
463
439
186
532
588
465
965
55
274
382
172
743
183
601
235
663
864
161
606
949
778
228
339
949
23
813
18
127
835
431
68
297
221
253
180
809
69
145
863
342
878
387
437
60
339
671
722
203
183
680
503
961
907
841
909
281
653
926
407
840
708
826
488
928
431
20
736
499
164
951
841
41
689
629
452
27
299
525
581
834
204
84
146
463
924
54
95
929
331
854
120
390
679
959
317
109
978
405
608
141
707
800
533
395
428
336
421
78
861
2
911
64
85
56
878
360
461
973
640
143
826
759
532
504
718
201
965
695
957
572
188
663
723
72
57
150
408
477
227
268
830
490
683
266
897
561
626
358
885
265
500
710
376
384
565
445
584
529
139
540
452
678
554
174
750
610
675
157
438
254
776
268
743
458
885
639
370
862
348
254
479
200
315
854
583
232
298
518
760
788
409
564
466
962
89
567
571
116
75
360
369
850
979
463
659
864
453
29
725
801
282
203
1000
597
56
582
828
705
99
939
493
507
854
310
820
295
228
390
410
302
101
778
503
80
592
161
943
44
541
19
844
823
222
195
771
629
128
950
334
226
240
178
84
94
839
903
740
418
644
149
71
97
278
573
176
869
85
470
912
626
488
756
800
709
302
570
690
430
871
375
7
110
904
91
555
94
345
294
511
341
442
581
437
71
505
964
939
941
433
851
566
272
958
365
981
259
286
22
688
156
396
695
618
299
137
172
744
833
818
254
525
611
186
961
682
690
276
620
982
708
470
548
980
779
264
312
38
902
685
725
409
80
771
26
730
907
550
473
92
367
78
616
977
263
929
658
304
204
630
285
264
99
184
595
878
800
258
267
701
942
343
461
373
114
487
454
372
388
278
463
754
355
79
82
969
359
92
624
562
721
260
825
819
444
419
48
595
28
314
647
969
657
107
341
122
945
794
493
332
71
308
85
777
738
519
745
96
610
720
657
330
980
834
500
775
604
548
369
632
861
15
600
869
473
293
990
418
438
835
749
509
142
186
637
879
704
734
974
313
453
982
642
432
815
141
206
419
40
926
50
253
292
1
121
765
293
463
534
731
297
282
591
438
467
579
316
170
312
641
482
765
622
475
196
437
968
754
207
7
31
608
259
675
608
380
791
253
194
324
335
490
605
277
927
424
855
594
593
167
234
427
931
207
253
478
995
220
583
201
227
966
808
837
640
768
568
430
20
761
753
706
250
709
982
528
132
836
121
77
354
706
855
284
913
107
114
259
679
48
460
257
13
619
93
652
386
661
433
757
421
537
814
671
246
795
550
377
983
671
805
336
728
659
972
992
118
85
251
796
132
62
52
497
680
496
148
418
156
933
526
929
469
692
951
714
486
500
443
820
170
247
508
250
258
479
241
375
915
843
522
46
904
573
542
936
68
42
353
576
974
230
504
442
921
806
508
759
305
950
578
827
548
85
76
157
915
668
531
829
511
52
227
414
976
120
349
396
161
53
323
486
283
178
280
555
983
787
313
287
88
243
113
987
679
540
144
594
208
26
422
718
78
1000
483
405
120
832
152
280
884
474
118
518
651
397
73
633
535
737
920
974
979
384
960
658
924
103
251
131
481
24
200
558
24
682
314
143
513
466
774
749
939
243
618
942
639
42
574
525
779
845
498
757
229
810
766
152
264
368
634
744
392
833
653
767
514
967
261
379
784
386
479
74
629
96
15
619
138
589
144
916
433
993
24
13
154
790
516
418
157
149
513
548
981
166
666
847
484
926
225
267
312
703
340
940
150
355
558
287
295
53
554
79
398
578
92
551
367
607
320
523
108
833
423
440
998
88
286
481
366
862
99
29
916
438
968
66
144
877
704
438
282
258
517
31
835
960
581
201
566
901
75
25
733
497
465
82
937
102
914
654
964
12
682
231
801
649
296
945
877
352
382
510
609
250
540
443
209
121
995
127
373
421
151
457
270
967
890
206
69
803
859
384
166
540
614
966
540
262
910
768
613
644
630
573
245
169
15
454
641
361
932
365
133
434
821
402
401
710
959
821
864
169
204
29
60
169
995
951
430
256
719
394
251
700
966
496
868
332
301
509
44
232
873
177
665
46
930
65
107
889
885
971
57
440
999
469
609
993
419
390
601
489
784
851
188
101
698
56
433
998
916
476
229
140
4
894
537
934
310
644
822
547
614
230
338
964
698
946
309
469
688
909
957
471
111
497
571
809
904
355
806
171
831
35
662
834
280
199
767
941
194
940
839
807
522
177
770
571
474
78
39
161
338
348
983
449
844
906
257
747
260
62
269
442
448
930
628
79
128
746
20
673
686
858
831
207
386
601
777
860
30
168
372
720
515
355
168
710
260
776
456
871
189
724
313
637
5
292
715
485
37
86
157
722
944
988
280
681
940
409
540
321
576
912
40
442
618
559
151
229
334
958
99
875
33
763
511
37
54
577
521
91
663
30
164
958
17
796
638
956
204
530
628
131
793
668
924
410
578
74
990
264
31
440
138
415
555
1000
451
608
576
324
50
590
353
566
899
369
361
537
676
916
418
303
398
562
322
321
971
900
746
312
163
128
751
300
542
305
299
344
265
226
667
666
816
19
583
714
739
943
602
766
210
371
69
959
932
742
279
254
641
376
565
155
503
668
806
44
324
104
388
588
682
406
606
849
777
188
562
515
483
516
633
44
886
701
3
818
794
633
71
435
9
988
941
511
655
747
907
978
202
646
918
883
51
523
731
827
62
645
694
544
160
326
588
397
378
942
214
171
574
637
957
582
624
898
445
630
644
351
607
197
348
876
80
398
398
162
225
812
158
918
355
317
595
294
66
972
587
279
142
161
267
99
94
242
348
890
871
343
240
478
539
587
705
970
337
103
132
913
266
641
830
620
310
776
266
375
747
852
5
240
364
272
690
458
513
37
347
384
379
939
213
918
877
917
887
565
371
370
477
636
11
658
608
320
433
225
694
179
428
698
771
792
321
460
601
186
497
299
921
875
589
485
792
818
753
31
382
124
400
211
111
762
868
70
81
301
646
126
831
74
176
601
217
848
61
169
33
909
819
953
783
760
437
927
577
190
309
310
665
60
520
127
822
740
197
254
40
194
380
222
619
907
175
835
754
235
355
787
495
174
739
277
285
528
555
213
717
863
522
733
923
394
859
96
133
407
349
524
601
80
97
219
338
271
406
92
857
760
230
351
285
320
980
569
847
534
781
915
749
655
647
23
400
506
470
884
264
818
407
864
250
855
83
587
126
488
30
982
599
259
685
884
579
664
804
777
549
585
44
649
591
690
23
990
547
492
873
811
662
631
674
263
485
108
849
610
947
231
944
898
841
980
133
771
643
936
548
543
872
591
192
462
632
214
803
179
58
675
341
719
657
366
981
142
826
181
103
772
763
398
21
604
377
153
374
371
89
273
914
960
215
457
774
847
22
576
377
79
603
717
149
259
82
481
752
907
14
207
31
776
604
51
379
333
204
105
703
644
377
968
955
592
424
728
438
446
656
166
876
258
882
25
868
315
505
972
574
870
178
956
646
133
6
376
465
561
480
520
556
209
487
511
800
263
590
589
708
245
754
583
854
987
959
74
301
816
45
226
685
574
181
682
706
539
58
523
99
889
394
7
97
232
517
896
494
106
836
201
703
589
136
908
927
446
981
580
613
377
805
298
950
986
979
8
524
388
882
974
277
627
980
373
858
848
621
352
954
456
904
8
397
391
915
323
1 1000000000
