100 100
48
45
28
54
58
62
75
58
18
26
5
56
47
61
30
92
14
4
31
21
92
59
90
36
50
81
66
94
90
66
70
37
10
98
42
20
59
17
77
76
94
82
84
40
94
13
32
7
16
62
79
59
72
21
46
22
53
12
67
42
77
36
30
38
85
24
57
95
40
86
23
33
19
6
24
12
70
55
70
85
68
100
96
92
20
41
13
25
52
79
18
80
66
100
18
3
23
26
49
62
1 63
2 23
3 46
4 81
5 28
6 69
7 92
8 49
9 76
10 13
11 86
12 95
13 13
14 81
15 86
16 84
17 21
18 50
19 60
20 25
21 80
22 78
23 4
24 46
25 77
26 73
27 100
28 51
29 99
30 48
31 64
32 13
33 71
34 9
35 94
36 50
37 29
38 37
39 51
40 56
41 50
42 36
43 51
44 14
45 16
46 88
47 49
48 88
49 38
50 61
51 12
52 69
53 38
54 16
55 66
56 66
57 40
58 65
59 16
60 90
61 65
62 31
63 3
64 35
65 39
66 96
67 36
68 19
69 32
70 86
71 75
72 33
73 73
74 77
75 98
76 40
77 16
78 99
79 28
80 5
81 59
82 91
83 74
84 48
85 58
86 39
87 13
88 98
89 4
90 80
91 87
92 68
93 62
94 89
95 54
96 100
97 84
98 41
99 70
100 68
